{"magres": {"units": [["ms", "ppm"], ["efg", "au"]], "ms": [{"sigma": [[19.1154, -6.8442, 0.1987], [-7.4232, 35.0782, 1.6453], [-0.8449, 1.4001, 17.9992]], "atom": {"index": 1, "label": "H"}}, {"sigma": [[26.2115, -2.9429, -2.1897], [-3.3995, 30.8795, 1.2063], [-1.3024, 0.8389, 24.1456]], "atom": {"index": 2, "label": "H"}}, {"sigma": [[28.3762, 0.9751, 0.158], [1.7197, 34.8921, 0.6184], [0.231, 0.7267, 27.6894]], "atom": {"index": 3, "label": "H"}}, {"sigma": [[14.9536, -2.1147, 6.4695], [-1.7888, 11.134, -3.4891], [7.1087, -3.6911, 35.723]], "atom": {"index": 4, "label": "H"}}, {"sigma": [[33.2478, -1.1578, -3.5057], [1.0171, 27.3954, 0.1667], [-2.9473, 0.8619, 28.4521]], "atom": {"index": 5, "label": "H"}}, {"sigma": [[27.0082, 11.1084, 0.6837], [12.0496, 25.7715, 1.2947], [0.5508, 1.9374, 15.8937]], "atom": {"index": 6, "label": "H"}}, {"sigma": [[29.9262, -0.2968, 2.8551], [0.9771, 27.7509, -0.0687], [2.8487, -0.476, 32.3277]], "atom": {"index": 7, "label": "H"}}, {"sigma": [[19.1154, -6.8442, -0.1987], [-7.4232, 35.0782, -1.6453], [0.8449, -1.4001, 17.9992]], "atom": {"index": 8, "label": "H"}}, {"sigma": [[26.2115, -2.9429, 2.1897], [-3.3995, 30.8795, -1.2063], [1.3024, -0.8389, 24.1456]], "atom": {"index": 9, "label": "H"}}, {"sigma": [[28.3762, 0.9751, -0.158], [1.7197, 34.8921, -0.6184], [-0.231, -0.7267, 27.6894]], "atom": {"index": 10, "label": "H"}}, {"sigma": [[14.9536, -2.1147, -6.4695], [-1.7888, 11.134, 3.4891], [-7.1087, 3.6911, 35.723]], "atom": {"index": 11, "label": "H"}}, {"sigma": [[33.2478, -1.1578, 3.5057], [1.0171, 27.3954, -0.1667], [2.9473, -0.8619, 28.4521]], "atom": {"index": 12, "label": "H"}}, {"sigma": [[27.0082, 11.1084, -0.6837], [12.0496, 25.7715, -1.2947], [-0.5508, -1.9374, 15.8937]], "atom": {"index": 13, "label": "H"}}, {"sigma": [[29.9262, -0.2968, -2.8551], [0.9771, 27.7509, 0.0687], [-2.8487, 0.476, 32.3277]], "atom": {"index": 14, "label": "H"}}, {"sigma": [[19.1154, 6.8442, 0.1987], [7.4232, 35.0782, -1.6453], [-0.8449, -1.4001, 17.9992]], "atom": {"index": 15, "label": "H"}}, {"sigma": [[26.2115, 2.9429, -2.1897], [3.3995, 30.8795, -1.2063], [-1.3024, -0.8389, 24.1456]], "atom": {"index": 16, "label": "H"}}, {"sigma": [[28.3762, -0.9751, 0.158], [-1.7197, 34.8921, -0.6184], [0.231, -0.7267, 27.6894]], "atom": {"index": 17, "label": "H"}}, {"sigma": [[14.9536, 2.1147, 6.4695], [1.7888, 11.134, 3.4891], [7.1087, 3.6911, 35.723]], "atom": {"index": 18, "label": "H"}}, {"sigma": [[33.2478, 1.1578, -3.5057], [-1.0171, 27.3954, -0.1667], [-2.9473, -0.8619, 28.4521]], "atom": {"index": 19, "label": "H"}}, {"sigma": [[27.0082, -11.1084, 0.6837], [-12.0496, 25.7715, -1.2947], [0.5508, -1.9374, 15.8937]], "atom": {"index": 20, "label": "H"}}, {"sigma": [[29.9262, 0.2968, 2.8551], [-0.9771, 27.7509, 0.0687], [2.8487, 0.476, 32.3277]], "atom": {"index": 21, "label": "H"}}, {"sigma": [[19.1154, 6.8442, -0.1987], [7.4232, 35.0782, 1.6453], [0.8449, 1.4001, 17.9992]], "atom": {"index": 22, "label": "H"}}, {"sigma": [[26.2115, 2.9429, 2.1897], [3.3995, 30.8795, 1.2063], [1.3024, 0.8389, 24.1456]], "atom": {"index": 23, "label": "H"}}, {"sigma": [[28.3762, -0.9751, -0.158], [-1.7197, 34.8921, 0.6184], [-0.231, 0.7267, 27.6894]], "atom": {"index": 24, "label": "H"}}, {"sigma": [[14.9536, 2.1147, -6.4695], [1.7888, 11.134, -3.4891], [-7.1087, -3.6911, 35.723]], "atom": {"index": 25, "label": "H"}}, {"sigma": [[33.2478, 1.1578, 3.5057], [-1.0171, 27.3954, 0.1667], [2.9473, 0.8619, 28.4521]], "atom": {"index": 26, "label": "H"}}, {"sigma": [[27.0082, -11.1084, -0.6837], [-12.0496, 25.7715, 1.2947], [-0.5508, 1.9374, 15.8937]], "atom": {"index": 27, "label": "H"}}, {"sigma": [[29.9262, 0.2968, -2.8551], [-0.9771, 27.7509, -0.0687], [-2.8487, -0.476, 32.3277]], "atom": {"index": 28, "label": "H"}}, {"sigma": [[14.8123, 37.0354, -16.6953], [37.1725, 36.0352, 3.4542], [-13.6171, 1.779, -69.708]], "atom": {"index": 1, "label": "C"}}, {"sigma": [[117.6569, -8.8592, -5.0162], [-3.0142, 106.8105, 5.2139], [-13.2836, 6.1932, 139.9592]], "atom": {"index": 2, "label": "C"}}, {"sigma": [[162.5967, 7.1614, -1.8829], [13.446, 154.8949, 5.9721], [0.3546, 6.0552, 152.3642]], "atom": {"index": 3, "label": "C"}}, {"sigma": [[14.8123, 37.0354, 16.6953], [37.1725, 36.0352, -3.4542], [13.6171, -1.779, -69.708]], "atom": {"index": 4, "label": "C"}}, {"sigma": [[117.6569, -8.8592, 5.0162], [-3.0142, 106.8105, -5.2139], [13.2836, -6.1932, 139.9592]], "atom": {"index": 5, "label": "C"}}, {"sigma": [[162.5967, 7.1614, 1.8829], [13.446, 154.8949, -5.9721], [-0.3546, -6.0552, 152.3642]], "atom": {"index": 6, "label": "C"}}, {"sigma": [[14.8123, -37.0354, -16.6953], [-37.1725, 36.0352, -3.4542], [-13.6171, -1.779, -69.708]], "atom": {"index": 7, "label": "C"}}, {"sigma": [[117.6569, 8.8592, -5.0162], [3.0142, 106.8105, -5.2139], [-13.2836, -6.1932, 139.9592]], "atom": {"index": 8, "label": "C"}}, {"sigma": [[162.5967, -7.1614, -1.8829], [-13.446, 154.8949, -5.9721], [0.3546, -6.0552, 152.3642]], "atom": {"index": 9, "label": "C"}}, {"sigma": [[14.8123, -37.0354, 16.6953], [-37.1725, 36.0352, 3.4542], [13.6171, 1.779, -69.708]], "atom": {"index": 10, "label": "C"}}, {"sigma": [[117.6569, 8.8592, 5.0162], [3.0142, 106.8105, 5.2139], [13.2836, 6.1932, 139.9592]], "atom": {"index": 11, "label": "C"}}, {"sigma": [[162.5967, -7.1614, 1.8829], [-13.446, 154.8949, 5.9721], [-0.3546, 6.0552, 152.3642]], "atom": {"index": 12, "label": "C"}}, {"sigma": [[188.462, 0.223, -4.6261], [-2.5886, 176.3717, -3.4038], [-4.9754, -4.1883, 193.7293]], "atom": {"index": 1, "label": "N"}}, {"sigma": [[188.462, 0.223, 4.6261], [-2.5886, 176.3717, 3.4038], [4.9754, 4.1883, 193.7293]], "atom": {"index": 2, "label": "N"}}, {"sigma": [[188.462, -0.223, -4.6261], [2.5886, 176.3717, 3.4038], [-4.9754, 4.1883, 193.7293]], "atom": {"index": 3, "label": "N"}}, {"sigma": [[188.462, -0.223, 4.6261], [2.5886, 176.3717, -3.4038], [4.9754, -4.1883, 193.7293]], "atom": {"index": 4, "label": "N"}}, {"sigma": [[-41.0503, 203.9877, 58.8356], [176.7824, 125.5883, -83.6578], [19.4346, -43.8922, -154.1944]], "atom": {"index": 1, "label": "O"}}, {"sigma": [[-56.792, 165.785, -75.9249], [169.2889, 84.1793, 27.1288], [7.6151, -22.8427, -45.1302]], "atom": {"index": 2, "label": "O"}}, {"sigma": [[-41.0503, 203.9877, -58.8356], [176.7824, 125.5883, 83.6578], [-19.4346, 43.8922, -154.1944]], "atom": {"index": 3, "label": "O"}}, {"sigma": [[-56.792, 165.785, 75.9249], [169.2889, 84.1793, -27.1288], [-7.6151, 22.8427, -45.1302]], "atom": {"index": 4, "label": "O"}}, {"sigma": [[-41.0503, -203.9877, 58.8356], [-176.7824, 125.5883, 83.6578], [19.4346, 43.8922, -154.1944]], "atom": {"index": 5, "label": "O"}}, {"sigma": [[-56.792, -165.785, -75.9249], [-169.2889, 84.1793, -27.1288], [7.6151, 22.8427, -45.1302]], "atom": {"index": 6, "label": "O"}}, {"sigma": [[-41.0503, -203.9877, -58.8356], [-176.7824, 125.5883, -83.6578], [-19.4346, -43.8922, -154.1944]], "atom": {"index": 7, "label": "O"}}, {"sigma": [[-56.792, -165.785, 75.9249], [-169.2889, 84.1793, 27.1288], [-7.6151, -22.8427, -45.1302]], "atom": {"index": 8, "label": "O"}}], "efg": [{"V": [[-0.0973, -0.1388, 0.0083], [-0.1388, 0.2519, -0.0449], [0.0083, -0.0449, -0.1546]], "atom": {"index": 1, "label": "H"}}, {"V": [[-0.115, -0.091, 0.0004], [-0.091, 0.2465, -0.0386], [0.0004, -0.0386, -0.1315]], "atom": {"index": 2, "label": "H"}}, {"V": [[-0.1218, -0.1111, 0.0047], [-0.1111, 0.2789, -0.0085], [0.0047, -0.0085, -0.1571]], "atom": {"index": 3, "label": "H"}}, {"V": [[-0.0788, -0.0137, 0.1134], [-0.0137, -0.1197, -0.0406], [0.1134, -0.0406, 0.1984]], "atom": {"index": 4, "label": "H"}}, {"V": [[0.0821, -0.0492, -0.2207], [-0.0492, -0.1407, 0.0511], [-0.2207, 0.0511, 0.0586]], "atom": {"index": 5, "label": "H"}}, {"V": [[0.1146, 0.2091, 0.0432], [0.2091, 0.0205, 0.0411], [0.0432, 0.0411, -0.1351]], "atom": {"index": 6, "label": "H"}}, {"V": [[-0.0915, -0.0323, 0.1531], [-0.0323, -0.1322, -0.0927], [0.1531, -0.0927, 0.2237]], "atom": {"index": 7, "label": "H"}}, {"V": [[-0.0973, -0.1388, -0.0083], [-0.1388, 0.2519, 0.0449], [-0.0083, 0.0449, -0.1546]], "atom": {"index": 8, "label": "H"}}, {"V": [[-0.115, -0.091, -0.0004], [-0.091, 0.2465, 0.0386], [-0.0004, 0.0386, -0.1315]], "atom": {"index": 9, "label": "H"}}, {"V": [[-0.1218, -0.1111, -0.0047], [-0.1111, 0.2789, 0.0085], [-0.0047, 0.0085, -0.1571]], "atom": {"index": 10, "label": "H"}}, {"V": [[-0.0788, -0.0137, -0.1134], [-0.0137, -0.1197, 0.0406], [-0.1134, 0.0406, 0.1984]], "atom": {"index": 11, "label": "H"}}, {"V": [[0.0821, -0.0492, 0.2207], [-0.0492, -0.1407, -0.0511], [0.2207, -0.0511, 0.0586]], "atom": {"index": 12, "label": "H"}}, {"V": [[0.1146, 0.2091, -0.0432], [0.2091, 0.0205, -0.0411], [-0.0432, -0.0411, -0.1351]], "atom": {"index": 13, "label": "H"}}, {"V": [[-0.0915, -0.0323, -0.1531], [-0.0323, -0.1322, 0.0927], [-0.1531, 0.0927, 0.2237]], "atom": {"index": 14, "label": "H"}}, {"V": [[-0.0973, 0.1388, 0.0083], [0.1388, 0.2519, 0.0449], [0.0083, 0.0449, -0.1546]], "atom": {"index": 15, "label": "H"}}, {"V": [[-0.115, 0.091, 0.0004], [0.091, 0.2465, 0.0386], [0.0004, 0.0386, -0.1315]], "atom": {"index": 16, "label": "H"}}, {"V": [[-0.1218, 0.1111, 0.0047], [0.1111, 0.2789, 0.0085], [0.0047, 0.0085, -0.1571]], "atom": {"index": 17, "label": "H"}}, {"V": [[-0.0788, 0.0137, 0.1134], [0.0137, -0.1197, 0.0406], [0.1134, 0.0406, 0.1984]], "atom": {"index": 18, "label": "H"}}, {"V": [[0.0821, 0.0492, -0.2207], [0.0492, -0.1407, -0.0511], [-0.2207, -0.0511, 0.0586]], "atom": {"index": 19, "label": "H"}}, {"V": [[0.1146, -0.2091, 0.0432], [-0.2091, 0.0205, -0.0411], [0.0432, -0.0411, -0.1351]], "atom": {"index": 20, "label": "H"}}, {"V": [[-0.0915, 0.0323, 0.1531], [0.0323, -0.1322, 0.0927], [0.1531, 0.0927, 0.2237]], "atom": {"index": 21, "label": "H"}}, {"V": [[-0.0973, 0.1388, -0.0083], [0.1388, 0.2519, -0.0449], [-0.0083, -0.0449, -0.1546]], "atom": {"index": 22, "label": "H"}}, {"V": [[-0.115, 0.091, -0.0004], [0.091, 0.2465, -0.0386], [-0.0004, -0.0386, -0.1315]], "atom": {"index": 23, "label": "H"}}, {"V": [[-0.1218, 0.1111, -0.0047], [0.1111, 0.2789, -0.0085], [-0.0047, -0.0085, -0.1571]], "atom": {"index": 24, "label": "H"}}, {"V": [[-0.0788, 0.0137, -0.1134], [0.0137, -0.1197, -0.0406], [-0.1134, -0.0406, 0.1984]], "atom": {"index": 25, "label": "H"}}, {"V": [[0.0821, 0.0492, 0.2207], [0.0492, -0.1407, 0.0511], [0.2207, 0.0511, 0.0586]], "atom": {"index": 26, "label": "H"}}, {"V": [[0.1146, -0.2091, -0.0432], [-0.2091, 0.0205, 0.0411], [-0.0432, 0.0411, -0.1351]], "atom": {"index": 27, "label": "H"}}, {"V": [[-0.0915, 0.0323, -0.1531], [0.0323, -0.1322, -0.0927], [-0.1531, -0.0927, 0.2237]], "atom": {"index": 28, "label": "H"}}, {"V": [[0.0033, 0.3217, -0.037], [0.3217, 0.211, -0.0196], [-0.037, -0.0196, -0.2143]], "atom": {"index": 1, "label": "C"}}, {"V": [[0.1185, -0.0533, -0.263], [-0.0533, -0.2003, 0.0814], [-0.263, 0.0814, 0.0818]], "atom": {"index": 2, "label": "C"}}, {"V": [[0.0564, 0.0936, 0.0474], [0.0936, 0.0002, 0.0265], [0.0474, 0.0265, -0.0566]], "atom": {"index": 3, "label": "C"}}, {"V": [[0.0033, 0.3217, 0.037], [0.3217, 0.211, 0.0196], [0.037, 0.0196, -0.2143]], "atom": {"index": 4, "label": "C"}}, {"V": [[0.1185, -0.0533, 0.263], [-0.0533, -0.2003, -0.0814], [0.263, -0.0814, 0.0818]], "atom": {"index": 5, "label": "C"}}, {"V": [[0.0564, 0.0936, -0.0474], [0.0936, 0.0002, -0.0265], [-0.0474, -0.0265, -0.0566]], "atom": {"index": 6, "label": "C"}}, {"V": [[0.0033, -0.3217, -0.037], [-0.3217, 0.211, 0.0196], [-0.037, 0.0196, -0.2143]], "atom": {"index": 7, "label": "C"}}, {"V": [[0.1185, 0.0533, -0.263], [0.0533, -0.2003, -0.0814], [-0.263, -0.0814, 0.0818]], "atom": {"index": 8, "label": "C"}}, {"V": [[0.0564, -0.0936, 0.0474], [-0.0936, 0.0002, -0.0265], [0.0474, -0.0265, -0.0566]], "atom": {"index": 9, "label": "C"}}, {"V": [[0.0033, -0.3217, 0.037], [-0.3217, 0.211, -0.0196], [0.037, -0.0196, -0.2143]], "atom": {"index": 10, "label": "C"}}, {"V": [[0.1185, 0.0533, 0.263], [0.0533, -0.2003, 0.0814], [0.263, 0.0814, 0.0818]], "atom": {"index": 11, "label": "C"}}, {"V": [[0.0564, -0.0936, -0.0474], [-0.0936, 0.0002, 0.0265], [-0.0474, 0.0265, -0.0566]], "atom": {"index": 12, "label": "C"}}, {"V": [[0.0822, -0.0551, -0.2025], [-0.0551, -0.0852, 0.0563], [-0.2025, 0.0563, 0.003]], "atom": {"index": 1, "label": "N"}}, {"V": [[0.0822, -0.0551, 0.2025], [-0.0551, -0.0852, -0.0563], [0.2025, -0.0563, 0.003]], "atom": {"index": 2, "label": "N"}}, {"V": [[0.0822, 0.0551, -0.2025], [0.0551, -0.0852, -0.0563], [-0.2025, -0.0563, 0.003]], "atom": {"index": 3, "label": "N"}}, {"V": [[0.0822, 0.0551, 0.2025], [0.0551, -0.0852, 0.0563], [0.2025, 0.0563, 0.003]], "atom": {"index": 4, "label": "N"}}, {"V": [[0.7149, -0.1528, 0.2011], [-0.1528, 0.6102, -0.2738], [0.2011, -0.2738, -1.3251]], "atom": {"index": 1, "label": "O"}}, {"V": [[-0.1502, 0.1701, -0.8047], [0.1701, 0.1436, 0.6209], [-0.8047, 0.6209, 0.0066]], "atom": {"index": 2, "label": "O"}}, {"V": [[0.7149, -0.1528, -0.2011], [-0.1528, 0.6102, 0.2738], [-0.2011, 0.2738, -1.3251]], "atom": {"index": 3, "label": "O"}}, {"V": [[-0.1502, 0.1701, 0.8047], [0.1701, 0.1436, -0.6209], [0.8047, -0.6209, 0.0066]], "atom": {"index": 4, "label": "O"}}, {"V": [[0.7149, 0.1528, 0.2011], [0.1528, 0.6102, 0.2738], [0.2011, 0.2738, -1.3251]], "atom": {"index": 5, "label": "O"}}, {"V": [[-0.1502, -0.1701, -0.8047], [-0.1701, 0.1436, -0.6209], [-0.8047, -0.6209, 0.0066]], "atom": {"index": 6, "label": "O"}}, {"V": [[0.7149, 0.1528, -0.2011], [0.1528, 0.6102, -0.2738], [-0.2011, -0.2738, -1.3251]], "atom": {"index": 7, "label": "O"}}, {"V": [[-0.1502, -0.1701, 0.8047], [-0.1701, 0.1436, 0.6209], [0.8047, 0.6209, 0.0066]], "atom": {"index": 8, "label": "O"}}]}, "atoms": {"units": [["atom", "Angstrom"], ["lattice", "Angstrom"]], "lattice": [[[6.025, 0.0, 0.0], [0.0, 12.324, 0.0], [0.0, 0.0, 5.783]]], "atom": [{"index": 1, "position": [4.282, 0.731, 1.159], "species": "H", "label": "H"}, {"index": 2, "position": [2.625, 3.047, 1.952], "species": "H", "label": "H"}, {"index": 3, "position": [1.921, 0.083, 1.768], "species": "H", "label": "H"}, {"index": 4, "position": [3.583, 1.836, 0.103], "species": "H", "label": "H"}, {"index": 5, "position": [0.879, 1.294, 2.484], "species": "H", "label": "H"}, {"index": 6, "position": [4.725, 2.363, 1.221], "species": "H", "label": "H"}, {"index": 7, "position": [1.265, 1.363, 0.769], "species": "H", "label": "H"}, {"index": 8, "position": [-1.27, -0.731, 4.051], "species": "H", "label": "H"}, {"index": 9, "position": [0.388, -3.047, 4.844], "species": "H", "label": "H"}, {"index": 10, "position": [1.091, -0.083, 4.66], "species": "H", "label": "H"}, {"index": 11, "position": [-0.57, -1.836, 2.995], "species": "H", "label": "H"}, {"index": 12, "position": [2.133, -1.294, 5.375], "species": "H", "label": "H"}, {"index": 13, "position": [-1.712, -2.363, 4.112], "species": "H", "label": "H"}, {"index": 14, "position": [1.748, -1.363, 3.66], "species": "H", "label": "H"}, {"index": 15, "position": [-4.282, 6.893, 1.732], "species": "H", "label": "H"}, {"index": 16, "position": [-2.625, 9.209, 0.939], "species": "H", "label": "H"}, {"index": 17, "position": [-1.921, 6.245, 1.123], "species": "H", "label": "H"}, {"index": 18, "position": [-3.583, 7.998, 2.788], "species": "H", "label": "H"}, {"index": 19, "position": [-0.879, 7.456, 0.408], "species": "H", "label": "H"}, {"index": 20, "position": [-4.725, 8.525, 1.671], "species": "H", "label": "H"}, {"index": 21, "position": [-1.265, 7.525, 2.123], "species": "H", "label": "H"}, {"index": 22, "position": [7.295, 5.431, -1.159], "species": "H", "label": "H"}, {"index": 23, "position": [5.637, 3.115, -1.952], "species": "H", "label": "H"}, {"index": 24, "position": [4.934, 6.079, -1.768], "species": "H", "label": "H"}, {"index": 25, "position": [6.595, 4.326, -0.103], "species": "H", "label": "H"}, {"index": 26, "position": [3.892, 4.868, -2.484], "species": "H", "label": "H"}, {"index": 27, "position": [7.737, 3.799, -1.221], "species": "H", "label": "H"}, {"index": 28, "position": [4.277, 4.799, -0.769], "species": "H", "label": "H"}, {"index": 1, "position": [3.377, 1.743, 3.479], "species": "C", "label": "C"}, {"index": 2, "position": [2.872, 1.989, 2.055], "species": "C", "label": "C"}, {"index": 3, "position": [1.655, 1.129, 1.749], "species": "C", "label": "C"}, {"index": 4, "position": [-0.365, -1.743, 6.371], "species": "C", "label": "C"}, {"index": 5, "position": [0.141, -1.989, 4.947], "species": "C", "label": "C"}, {"index": 6, "position": [1.358, -1.129, 4.64], "species": "C", "label": "C"}, {"index": 7, "position": [-3.377, 7.905, -0.588], "species": "C", "label": "C"}, {"index": 8, "position": [-2.872, 8.151, 0.836], "species": "C", "label": "C"}, {"index": 9, "position": [-1.655, 7.291, 1.143], "species": "C", "label": "C"}, {"index": 10, "position": [6.39, 4.419, -3.479], "species": "C", "label": "C"}, {"index": 11, "position": [5.884, 4.173, -2.055], "species": "C", "label": "C"}, {"index": 12, "position": [4.667, 5.033, -1.749], "species": "C", "label": "C"}, {"index": 1, "position": [3.95, 1.7, 1.074], "species": "N", "label": "N"}, {"index": 2, "position": [-0.938, -1.7, 3.966], "species": "N", "label": "N"}, {"index": 3, "position": [-3.95, 7.862, 1.817], "species": "N", "label": "N"}, {"index": 4, "position": [6.963, 4.462, -1.074], "species": "N", "label": "N"}, {"index": 1, "position": [4.388, 1.042, 3.633], "species": "O", "label": "O"}, {"index": 2, "position": [2.712, 2.281, 4.4], "species": "O", "label": "O"}, {"index": 3, "position": [-1.376, -1.042, 6.524], "species": "O", "label": "O"}, {"index": 4, "position": [0.301, -2.281, 7.292], "species": "O", "label": "O"}, {"index": 5, "position": [-4.388, 7.204, -0.741], "species": "O", "label": "O"}, {"index": 6, "position": [-2.712, 8.443, -1.509], "species": "O", "label": "O"}, {"index": 7, "position": [7.401, 5.12, -3.633], "species": "O", "label": "O"}, {"index": 8, "position": [5.724, 3.881, -4.4], "species": "O", "label": "O"}]}}
