{"magres": {"units": [["ms", "ppm"], ["efg", "au"]], "ms": [{"sigma": [[-210.6446, 75.7371, 69.1389], [112.2343, 171.304, 76.7739], [12.101, 56.3379, -63.3324]], "atom": {"index": 1, "label": "O1"}}, {"sigma": [[-210.6446, -75.7371, 69.1389], [-112.2343, 171.304, -76.7739], [12.101, -56.3379, -63.3324]], "atom": {"index": 2, "label": "O1"}}, {"sigma": [[-210.6446, 75.7371, 69.1389], [112.2343, 171.304, 76.7739], [12.101, 56.3379, -63.3324]], "atom": {"index": 3, "label": "O1"}}, {"sigma": [[-210.6446, -75.7371, 69.1389], [-112.2343, 171.304, -76.7739], [12.101, -56.3379, -63.3324]], "atom": {"index": 4, "label": "O1"}}, {"sigma": [[-118.371, 86.8497, -81.807], [36.3203, 168.3436, 95.2196], [-19.7274, 74.2309, -121.1835]], "atom": {"index": 1, "label": "O2"}}, {"sigma": [[-118.371, -86.8497, -81.807], [-36.3203, 168.3436, -95.2196], [-19.7274, -74.2309, -121.1835]], "atom": {"index": 2, "label": "O2"}}, {"sigma": [[-118.371, 86.8497, -81.807], [36.3203, 168.3436, 95.2196], [-19.7274, 74.2309, -121.1835]], "atom": {"index": 3, "label": "O2"}}, {"sigma": [[-118.371, -86.8497, -81.807], [-36.3203, 168.3436, -95.2196], [-19.7274, -74.2309, -121.1835]], "atom": {"index": 4, "label": "O2"}}, {"sigma": [[188.6121, -0.7235, -2.6087], [-4.3253, 190.8915, -0.5391], [-0.5798, -4.9334, 197.1294]], "atom": {"index": 1, "label": "N1"}}, {"sigma": [[188.6121, 0.7235, -2.6087], [4.3253, 190.8915, 0.5391], [-0.5798, 4.9334, 197.1294]], "atom": {"index": 2, "label": "N1"}}, {"sigma": [[188.6121, -0.7235, -2.6087], [-4.3253, 190.8915, -0.5391], [-0.5798, -4.9334, 197.1294]], "atom": {"index": 3, "label": "N1"}}, {"sigma": [[188.6121, 0.7235, -2.6087], [4.3253, 190.8915, 0.5391], [-0.5798, 4.9334, 197.1294]], "atom": {"index": 4, "label": "N1"}}, {"sigma": [[-11.9092, 8.7099, 19.1937], [8.6806, 56.8227, 23.0558], [30.1704, 22.5608, -63.5736]], "atom": {"index": 1, "label": "C1"}}, {"sigma": [[-11.9092, -8.7099, 19.1937], [-8.6806, 56.8227, -23.0558], [30.1704, -22.5608, -63.5736]], "atom": {"index": 2, "label": "C1"}}, {"sigma": [[-11.9092, 8.7099, 19.1937], [8.6806, 56.8227, 23.0558], [30.1704, 22.5608, -63.5736]], "atom": {"index": 3, "label": "C1"}}, {"sigma": [[-11.9092, -8.7099, 19.1937], [-8.6806, 56.8227, -23.0558], [30.1704, -22.5608, -63.5736]], "atom": {"index": 4, "label": "C1"}}, {"sigma": [[140.3226, -10.0271, -9.327], [-6.501, 109.7021, -3.4598], [-15.0121, 6.0725, 136.074]], "atom": {"index": 1, "label": "C2"}}, {"sigma": [[140.3226, 10.0271, -9.327], [6.501, 109.7021, 3.4598], [-15.0121, -6.0725, 136.074]], "atom": {"index": 2, "label": "C2"}}, {"sigma": [[140.3226, -10.0271, -9.327], [-6.501, 109.7021, -3.4598], [-15.0121, 6.0725, 136.074]], "atom": {"index": 3, "label": "C2"}}, {"sigma": [[140.3226, 10.0271, -9.327], [6.501, 109.7021, 3.4598], [-15.0121, -6.0725, 136.074]], "atom": {"index": 4, "label": "C2"}}, {"sigma": [[13.9626, -0.6602, -8.6557], [-1.303, 6.9921, -0.5432], [-8.9186, -2.2764, 34.1115]], "atom": {"index": 1, "label": "H1"}}, {"sigma": [[13.9626, 0.6602, -8.6557], [1.303, 6.9921, 0.5432], [-8.9186, 2.2764, 34.1115]], "atom": {"index": 2, "label": "H1"}}, {"sigma": [[13.9626, -0.6602, -8.6557], [-1.303, 6.9921, -0.5432], [-8.9186, -2.2764, 34.1115]], "atom": {"index": 3, "label": "H1"}}, {"sigma": [[13.9626, 0.6602, -8.6557], [1.303, 6.9921, 0.5432], [-8.9186, 2.2764, 34.1115]], "atom": {"index": 4, "label": "H1"}}, {"sigma": [[27.8765, 3.614, 10.2304], [4.366, 14.8905, 3.4828], [9.2402, 3.0122, 21.6598]], "atom": {"index": 1, "label": "H2"}}, {"sigma": [[27.8765, -3.614, 10.2304], [-4.366, 14.8905, -3.4828], [9.2402, -3.0122, 21.6598]], "atom": {"index": 2, "label": "H2"}}, {"sigma": [[27.8765, 3.614, 10.2304], [4.366, 14.8905, 3.4828], [9.2402, 3.0122, 21.6598]], "atom": {"index": 3, "label": "H2"}}, {"sigma": [[27.8765, -3.614, 10.2304], [-4.366, 14.8905, -3.4828], [9.2402, -3.0122, 21.6598]], "atom": {"index": 4, "label": "H2"}}, {"sigma": [[20.9608, 0.4985, -0.01], [0.2535, 32.975, -1.874], [-0.7685, -2.6374, 18.6374]], "atom": {"index": 1, "label": "H3"}}, {"sigma": [[20.9608, -0.4985, -0.01], [-0.2535, 32.975, 1.874], [-0.7685, 2.6374, 18.6374]], "atom": {"index": 2, "label": "H3"}}, {"sigma": [[20.9608, 0.4985, -0.01], [0.2535, 32.975, -1.874], [-0.7685, -2.6374, 18.6374]], "atom": {"index": 3, "label": "H3"}}, {"sigma": [[20.9608, -0.4985, -0.01], [-0.2535, 32.975, 1.874], [-0.7685, 2.6374, 18.6374]], "atom": {"index": 4, "label": "H3"}}, {"sigma": [[25.4275, -1.5126, -0.8899], [-1.0905, 30.235, -2.5524], [-0.3682, -1.8208, 22.5629]], "atom": {"index": 1, "label": "H4"}}, {"sigma": [[25.4275, 1.5126, -0.8899], [1.0905, 30.235, 2.5524], [-0.3682, 1.8208, 22.5629]], "atom": {"index": 2, "label": "H4"}}, {"sigma": [[25.4275, -1.5126, -0.8899], [-1.0905, 30.235, -2.5524], [-0.3682, -1.8208, 22.5629]], "atom": {"index": 3, "label": "H4"}}, {"sigma": [[25.4275, 1.5126, -0.8899], [1.0905, 30.235, 2.5524], [-0.3682, 1.8208, 22.5629]], "atom": {"index": 4, "label": "H4"}}, {"sigma": [[29.295, 0.0711, 1.0536], [-0.3334, 24.0289, 1.8497], [1.7484, 0.8395, 27.8056]], "atom": {"index": 1, "label": "H5"}}, {"sigma": [[29.295, -0.0711, 1.0536], [0.3334, 24.0289, -1.8497], [1.7484, -0.8395, 27.8056]], "atom": {"index": 2, "label": "H5"}}, {"sigma": [[29.295, 0.0711, 1.0536], [-0.3334, 24.0289, 1.8497], [1.7484, 0.8395, 27.8056]], "atom": {"index": 3, "label": "H5"}}, {"sigma": [[29.295, -0.0711, 1.0536], [0.3334, 24.0289, -1.8497], [1.7484, -0.8395, 27.8056]], "atom": {"index": 4, "label": "H5"}}], "efg": [{"V": [[-0.3344, -0.1028, 1.0015], [-0.1028, 0.36, -0.1011], [1.0015, -0.1011, -0.0256]], "atom": {"index": 1, "label": "O1"}}, {"V": [[-0.3344, 0.1028, 1.0015], [0.1028, 0.36, 0.1011], [1.0015, 0.1011, -0.0256]], "atom": {"index": 2, "label": "O1"}}, {"V": [[-0.3344, -0.1028, 1.0015], [-0.1028, 0.36, -0.1011], [1.0015, -0.1011, -0.0256]], "atom": {"index": 3, "label": "O1"}}, {"V": [[-0.3344, 0.1028, 1.0015], [0.1028, 0.36, 0.1011], [1.0015, 0.1011, -0.0256]], "atom": {"index": 4, "label": "O1"}}, {"V": [[0.9006, -0.0028, -0.2619], [-0.0028, 0.2405, 0.3258], [-0.2619, 0.3258, -1.1411]], "atom": {"index": 1, "label": "O2"}}, {"V": [[0.9006, 0.0028, -0.2619], [0.0028, 0.2405, -0.3258], [-0.2619, -0.3258, -1.1411]], "atom": {"index": 2, "label": "O2"}}, {"V": [[0.9006, -0.0028, -0.2619], [-0.0028, 0.2405, 0.3258], [-0.2619, 0.3258, -1.1411]], "atom": {"index": 3, "label": "O2"}}, {"V": [[0.9006, 0.0028, -0.2619], [0.0028, 0.2405, -0.3258], [-0.2619, -0.3258, -1.1411]], "atom": {"index": 4, "label": "O2"}}, {"V": [[0.1678, -0.1515, -0.0384], [-0.1515, 0.0413, 0.0237], [-0.0384, 0.0237, -0.2091]], "atom": {"index": 1, "label": "N1"}}, {"V": [[0.1678, 0.1515, -0.0384], [0.1515, 0.0413, -0.0237], [-0.0384, -0.0237, -0.2091]], "atom": {"index": 2, "label": "N1"}}, {"V": [[0.1678, -0.1515, -0.0384], [-0.1515, 0.0413, 0.0237], [-0.0384, 0.0237, -0.2091]], "atom": {"index": 3, "label": "N1"}}, {"V": [[0.1678, 0.1515, -0.0384], [0.1515, 0.0413, -0.0237], [-0.0384, -0.0237, -0.2091]], "atom": {"index": 4, "label": "N1"}}, {"V": [[-0.2014, 0.1211, 0.0278], [0.1211, 0.3971, 0.1347], [0.0278, 0.1347, -0.1958]], "atom": {"index": 1, "label": "C1"}}, {"V": [[-0.2014, -0.1211, 0.0278], [-0.1211, 0.3971, -0.1347], [0.0278, -0.1347, -0.1958]], "atom": {"index": 2, "label": "C1"}}, {"V": [[-0.2014, 0.1211, 0.0278], [0.1211, 0.3971, 0.1347], [0.0278, 0.1347, -0.1957]], "atom": {"index": 3, "label": "C1"}}, {"V": [[-0.2014, -0.1211, 0.0278], [-0.1211, 0.3971, -0.1347], [0.0278, -0.1347, -0.1957]], "atom": {"index": 4, "label": "C1"}}, {"V": [[0.25, -0.2363, -0.0954], [-0.2363, -0.1321, 0.0485], [-0.0954, 0.0485, -0.1179]], "atom": {"index": 1, "label": "C2"}}, {"V": [[0.25, 0.2363, -0.0954], [0.2363, -0.1321, -0.0485], [-0.0954, -0.0485, -0.1179]], "atom": {"index": 2, "label": "C2"}}, {"V": [[0.25, -0.2363, -0.0954], [-0.2363, -0.1321, 0.0485], [-0.0954, 0.0485, -0.1179]], "atom": {"index": 3, "label": "C2"}}, {"V": [[0.25, 0.2363, -0.0954], [0.2363, -0.1321, -0.0485], [-0.0954, -0.0485, -0.1179]], "atom": {"index": 4, "label": "C2"}}, {"V": [[-0.0673, 0.0118, -0.0809], [0.0118, -0.0916, -0.042], [-0.0809, -0.042, 0.159]], "atom": {"index": 1, "label": "H1"}}, {"V": [[-0.0673, -0.0118, -0.0809], [-0.0118, -0.0916, 0.042], [-0.0809, 0.042, 0.159]], "atom": {"index": 2, "label": "H1"}}, {"V": [[-0.0673, 0.0118, -0.0809], [0.0118, -0.0916, -0.042], [-0.0809, -0.042, 0.159]], "atom": {"index": 3, "label": "H1"}}, {"V": [[-0.0673, -0.0118, -0.0809], [-0.0118, -0.0916, 0.042], [-0.0809, 0.042, 0.159]], "atom": {"index": 4, "label": "H1"}}, {"V": [[0.0542, 0.0825, 0.1495], [0.0825, -0.0694, 0.0795], [0.1495, 0.0795, 0.0152]], "atom": {"index": 1, "label": "H2"}}, {"V": [[0.0542, -0.0825, 0.1495], [-0.0825, -0.0694, -0.0795], [0.1495, -0.0795, 0.0152]], "atom": {"index": 2, "label": "H2"}}, {"V": [[0.0542, 0.0825, 0.1495], [0.0825, -0.0694, 0.0795], [0.1495, 0.0795, 0.0152]], "atom": {"index": 3, "label": "H2"}}, {"V": [[0.0542, -0.0825, 0.1495], [-0.0825, -0.0694, -0.0795], [0.1495, -0.0795, 0.0152]], "atom": {"index": 4, "label": "H2"}}, {"V": [[-0.1394, 0.0311, -0.0047], [0.0311, 0.2695, -0.067], [-0.0047, -0.067, -0.1301]], "atom": {"index": 1, "label": "H3"}}, {"V": [[-0.1394, -0.0311, -0.0047], [-0.0311, 0.2695, 0.067], [-0.0047, 0.067, -0.1301]], "atom": {"index": 2, "label": "H3"}}, {"V": [[-0.1394, 0.0311, -0.0047], [0.0311, 0.2695, -0.067], [-0.0047, -0.067, -0.1301]], "atom": {"index": 3, "label": "H3"}}, {"V": [[-0.1394, -0.0311, -0.0047], [-0.0311, 0.2695, 0.067], [-0.0047, 0.067, -0.1301]], "atom": {"index": 4, "label": "H3"}}, {"V": [[-0.1213, 0.0399, -0.0086], [0.0399, 0.2484, -0.0526], [-0.0086, -0.0526, -0.1271]], "atom": {"index": 1, "label": "H4"}}, {"V": [[-0.1213, -0.0399, -0.0086], [-0.0399, 0.2484, 0.0526], [-0.0086, 0.0526, -0.1271]], "atom": {"index": 2, "label": "H4"}}, {"V": [[-0.1213, 0.0399, -0.0086], [0.0399, 0.2484, -0.0526], [-0.0086, -0.0526, -0.1271]], "atom": {"index": 3, "label": "H4"}}, {"V": [[-0.1213, -0.0399, -0.0086], [-0.0399, 0.2484, 0.0526], [-0.0086, 0.0526, -0.1271]], "atom": {"index": 4, "label": "H4"}}, {"V": [[0.0508, 0.0848, 0.1807], [0.0848, -0.0946, 0.1011], [0.1807, 0.1011, 0.0438]], "atom": {"index": 1, "label": "H5"}}, {"V": [[0.0508, -0.0848, 0.1807], [-0.0848, -0.0946, -0.1011], [0.1807, -0.1011, 0.0438]], "atom": {"index": 2, "label": "H5"}}, {"V": [[0.0508, 0.0848, 0.1807], [0.0848, -0.0946, 0.1011], [0.1807, 0.1011, 0.0438]], "atom": {"index": 3, "label": "H5"}}, {"V": [[0.0508, -0.0848, 0.1807], [-0.0848, -0.0946, -0.1011], [0.1807, -0.1011, 0.0438]], "atom": {"index": 4, "label": "H5"}}]}, "atoms": {"units": [["lattice", "Angstrom"], ["atom", "Angstrom"]], "lattice": [[[5.0999, 0.0, 0.0], [0.0, 11.9516, 0.0], [-2.0257645, 0.0, 5.0696476]]], "atom": [{"index": 1, "position": [-0.947776, 1.12859, 6.261775], "species": "O", "label": "O1"}, {"index": 2, "position": [2.615057, 4.84721, 3.726951], "species": "O", "label": "O1"}, {"index": 3, "position": [4.021911, 10.82301, -1.192128], "species": "O", "label": "O1"}, {"index": 4, "position": [0.459079, 7.10439, 1.342696], "species": "O", "label": "O1"}, {"index": 1, "position": [-2.996032, 1.691629, 5.6121], "species": "O", "label": "O2"}, {"index": 2, "position": [0.566801, 4.284171, 3.077276], "species": "O", "label": "O2"}, {"index": 3, "position": [6.070167, 10.259971, -0.542453], "species": "O", "label": "O2"}, {"index": 4, "position": [2.507335, 7.667429, 1.992371], "species": "O", "label": "O2"}, {"index": 1, "position": [0.033264, 1.073732, 3.756608], "species": "N", "label": "N1"}, {"index": 2, "position": [3.596097, 4.902068, 1.221785], "species": "N", "label": "N1"}, {"index": 3, "position": [3.040871, 10.877868, 1.313039], "species": "N", "label": "N1"}, {"index": 4, "position": [-0.521961, 7.049532, 3.847862], "species": "N", "label": "N1"}, {"index": 1, "position": [-1.778472, 1.492038, 5.404295], "species": "C", "label": "C1"}, {"index": 2, "position": [1.784361, 4.483762, 2.869471], "species": "C", "label": "C1"}, {"index": 3, "position": [4.852607, 10.459562, -0.334648], "species": "C", "label": "C1"}, {"index": 4, "position": [1.289775, 7.467838, 2.200176], "species": "C", "label": "C1"}, {"index": 1, "position": [-1.265337, 1.732265, 3.988291], "species": "C", "label": "C2"}, {"index": 2, "position": [2.297495, 4.243535, 1.453468], "species": "C", "label": "C2"}, {"index": 3, "position": [4.339473, 10.219335, 1.081356], "species": "C", "label": "C2"}, {"index": 4, "position": [0.776641, 7.708065, 3.616179], "species": "C", "label": "C2"}, {"index": 1, "position": [0.383417, 1.188893, 2.752005], "species": "H", "label": "H1"}, {"index": 2, "position": [3.946249, 4.786907, 0.217182], "species": "H", "label": "H1"}, {"index": 3, "position": [2.690718, 10.762707, 2.317642], "species": "H", "label": "H1"}, {"index": 4, "position": [-0.872114, 7.164693, 4.852465], "species": "H", "label": "H1"}, {"index": 1, "position": [0.783384, 1.426108, 4.412549], "species": "H", "label": "H2"}, {"index": 2, "position": [4.346216, 4.549692, 1.877725], "species": "H", "label": "H2"}, {"index": 3, "position": [2.290751, 10.525492, 0.657098], "species": "H", "label": "H2"}, {"index": 4, "position": [-1.272081, 7.401908, 3.191922], "species": "H", "label": "H2"}, {"index": 1, "position": [-0.044558, 0.047645, 3.924065], "species": "H", "label": "H3"}, {"index": 2, "position": [3.518274, 5.928155, 1.389242], "species": "H", "label": "H3"}, {"index": 3, "position": [3.118694, 11.903955, 1.145582], "species": "H", "label": "H3"}, {"index": 4, "position": [-0.444138, 6.023445, 3.680405], "species": "H", "label": "H3"}, {"index": 1, "position": [-1.139129, 2.811691, 3.83554], "species": "H", "label": "H4"}, {"index": 2, "position": [2.423703, 3.164109, 1.300716], "species": "H", "label": "H4"}, {"index": 3, "position": [4.213264, 9.139909, 1.234107], "species": "H", "label": "H4"}, {"index": 4, "position": [0.650432, 8.787491, 3.768931], "species": "H", "label": "H4"}, {"index": 1, "position": [-1.987911, 1.368438, 3.251], "species": "H", "label": "H5"}, {"index": 2, "position": [1.574921, 4.607362, 0.716176], "species": "H", "label": "H5"}, {"index": 3, "position": [5.062046, 10.583162, 1.818647], "species": "H", "label": "H5"}, {"index": 4, "position": [1.499214, 7.344238, 4.353471], "species": "H", "label": "H5"}]}}
